[
    [
        0, 
        1776, 
        138, 
        1029, 
        552, 
        99, 
        52, 
        807, 
        21694, 
        602
    ], 
    [
        1776, 
        0, 
        7929, 
        46576, 
        759, 
        450, 
        252, 
        18275, 
        4316, 
        687
    ], 
    [
        138, 
        7929, 
        0, 
        7096, 
        368, 
        344, 
        106, 
        6572, 
        162, 
        23398
    ], 
    [
        1029, 
        46576, 
        7096, 
        0, 
        122, 
        130, 
        67, 
        12220, 
        3239, 
        776
    ], 
    [
        552, 
        759, 
        368, 
        122, 
        0, 
        12620, 
        24, 
        601, 
        24, 
        1058
    ], 
    [
        99, 
        450, 
        344, 
        130, 
        12620, 
        0, 
        215, 
        213, 
        14, 
        174
    ], 
    [
        52, 
        252, 
        106, 
        67, 
        24, 
        215, 
        0, 
        141, 
        10, 
        18
    ], 
    [
        807, 
        18275, 
        6572, 
        12220, 
        601, 
        213, 
        141, 
        0, 
        1290, 
        894
    ], 
    [
        21694, 
        4316, 
        162, 
        3239, 
        24, 
        14, 
        10, 
        1290, 
        0, 
        245
    ], 
    [
        602, 
        687, 
        23398, 
        776, 
        1058, 
        174, 
        18, 
        894, 
        245, 
        0
    ]
]